76.66666666666667
55.333333333333336
48.333333333333336
72.0
64.33333333333333
50.666666666666664
48.666666666666664
88.0
41.666666666666664
67.33333333333333
69.0
43.333333333333336
65.33333333333333
68.33333333333333
61.666666666666664
54.0
63.666666666666664
42.333333333333336
79.66666666666667
56.0
38.0
53.333333333333336
58.333333333333336
42.0
72.0
58.666666666666664
33.333333333333336
42.333333333333336
65.66666666666667
61.333333333333336
63.0
54.0
75.0
79.33333333333333
75.66666666666667
74.0
61.0
56.333333333333336
55.666666666666664
74.66666666666667
63.666666666666664
89.33333333333333
68.66666666666667
70.0
42.666666666666664
53.333333333333336
55.333333333333336
50.666666666666664
53.333333333333336
74.0
60.666666666666664
76.66666666666667
66.33333333333333
40.666666666666664
57.425925925925924 64.11111111111111 60.425925925925924 
